t	I	Q	E	Ur	Uc	ss	DerE	IntE	Uc/DerE	Ur/IntE
0	0	0	0	0	0	0	1	-1	0	-0
0.02	0.0199987	0	0.0199987	0.0199987	0	0	0.9998	-1.9998	0	-0.0100003
0.04	0.0359896	0.000399973	0.0399893	0.0359896	0.00399973	0.00399973	0.9992	-2.999	0.00400294	-0.0120005
0.06	0.0487664	0.00111977	0.059964	0.0487664	0.0111977	0.0111977	0.998201	-3.9972	0.0112178	-0.0122001
0.08	0.0589638	0.00209509	0.0799147	0.0589638	0.0209509	0.0209509	0.996802	-4.994	0.0210181	-0.0118069
0.1	0.0670897	0.00327437	0.0998334	0.0670897	0.0327437	0.0327437	0.995004	-5.98901	0.0329081	-0.0112021
0.12	0.0735506	0.00461616	0.119712	0.0735506	0.0461616	0.0461616	0.992809	-6.98182	0.046496	-0.0105346
0.14	0.0786714	0.00608717	0.139543	0.0786714	0.0608717	0.0608717	0.990216	-7.97203	0.0614732	-0.00986842
0.16	0.0827122	0.0076606	0.159318	0.0827122	0.076606	0.076606	0.987227	-8.95926	0.0775971	-0.00923204
0.18	0.0858811	0.00931485	0.17903	0.0858811	0.0931485	0.0931485	0.983844	-9.9431	0.0946781	-0.00863726
0.2	0.0883447	0.0110325	0.198669	0.0883447	0.110325	0.110325	0.980067	-10.9232	0.112569	-0.00808782
0.22	0.090236	0.0127994	0.21823	0.090236	0.127994	0.127994	0.975897	-11.8991	0.131155	-0.00758345
0.24	0.0916618	0.0146041	0.237703	0.0916618	0.146041	0.146041	0.971338	-12.8704	0.15035	-0.00712191
0.26	0.0927074	0.0164373	0.257081	0.0927074	0.164373	0.164373	0.96639	-13.8368	0.17009	-0.00670006
0.28	0.093441	0.0182915	0.276356	0.093441	0.182915	0.182915	0.961055	-14.7978	0.190327	-0.0063145
0.3	0.0939174	0.0201603	0.29552	0.0939174	0.201603	0.201603	0.955336	-15.7532	0.211028	-0.0059618
0.32	0.0941802	0.0220386	0.314567	0.0941802	0.220386	0.220386	0.949235	-16.7024	0.232172	-0.00563872
0.34	0.0942647	0.0239222	0.333487	0.0942647	0.239222	0.239222	0.942755	-17.6452	0.253748	-0.00534224
0.36	0.0941989	0.0258075	0.352274	0.0941989	0.258075	0.258075	0.935897	-18.5811	0.275752	-0.00506962
0.38	0.0940054	0.0276915	0.37092	0.0940054	0.276915	0.276915	0.928665	-19.5097	0.298186	-0.00481838
0.4	0.0937022	0.0295716	0.389418	0.0937022	0.295716	0.295716	0.921061	-20.4308	0.32106	-0.00458632
0.42	0.0933038	0.0314457	0.40776	0.0933038	0.314457	0.314457	0.913089	-21.3439	0.344388	-0.00437146
0.44	0.0928221	0.0333117	0.425939	0.0928221	0.333117	0.333117	0.904752	-22.2486	0.368187	-0.00417203
0.46	0.0922663	0.0351682	0.443948	0.0922663	0.351682	0.351682	0.896052	-23.1447	0.392479	-0.0039865
0.48	0.0916441	0.0370135	0.461779	0.0916441	0.370135	0.370135	0.886995	-24.0317	0.417291	-0.00381347
0.5	0.0909617	0.0388464	0.479426	0.0909617	0.388464	0.388464	0.877583	-24.9093	0.442652	-0.00365172
0.52	0.0902239	0.0406656	0.49688	0.0902239	0.406656	0.406656	0.867819	-25.7771	0.468596	-0.00350016
0.54	0.089435	0.0424701	0.514136	0.089435	0.424701	0.424701	0.857709	-26.6348	0.495158	-0.00335783
0.56	0.0885982	0.0442588	0.531186	0.0885982	0.442588	0.442588	0.847255	-27.4821	0.522379	-0.00322386
0.58	0.0877163	0.0460308	0.548024	0.0877163	0.460308	0.460308	0.836463	-28.3185	0.550303	-0.00309749
0.6	0.0867916	0.0477851	0.564642	0.0867916	0.477851	0.477851	0.825336	-29.1439	0.578978	-0.00297804
0.62	0.0858259	0.0495209	0.581035	0.0858259	0.495209	0.495209	0.813878	-29.9577	0.608456	-0.0028649
0.64	0.084821	0.0512374	0.597195	0.084821	0.512374	0.512374	0.802096	-30.7598	0.638795	-0.00275753
0.66	0.0837782	0.0529339	0.613117	0.0837782	0.529339	0.529339	0.789992	-31.5498	0.670055	-0.00265543
0.68	0.0826988	0.0546094	0.628793	0.0826988	0.546094	0.546094	0.777573	-32.3274	0.702306	-0.00255816
0.7	0.0815837	0.0562634	0.644218	0.0815837	0.562634	0.562634	0.764842	-33.0922	0.735621	-0.00246534
0.72	0.0804339	0.0578951	0.659385	0.0804339	0.578951	0.578951	0.751806	-33.844	0.77008	-0.00237661
0.74	0.0792504	0.0595038	0.674288	0.0792504	0.595038	0.595038	0.738469	-34.5825	0.805772	-0.00229163
0.76	0.0780338	0.0610888	0.688921	0.0780338	0.610888	0.610888	0.724836	-35.3073	0.842794	-0.00221013
0.78	0.076785	0.0626494	0.703279	0.076785	0.626494	0.626494	0.710914	-36.0183	0.881253	-0.00213184
0.8	0.0755047	0.0641851	0.717356	0.0755047	0.641851	0.641851	0.696707	-36.715	0.921265	-0.00205651
0.82	0.0741935	0.0656952	0.731146	0.0741935	0.656952	0.656952	0.682221	-37.3972	0.962961	-0.00198393
0.84	0.0728521	0.0671791	0.744643	0.0728521	0.671791	0.671791	0.667463	-38.0646	1.00648	-0.0019139
0.86	0.0714811	0.0686361	0.757843	0.0714811	0.686361	0.686361	0.652437	-38.7171	1.052	-0.00184624
0.88	0.0700812	0.0700658	0.770739	0.0700812	0.700658	0.700658	0.637151	-39.3542	1.09967	-0.00178078
0.9	0.068653	0.0714674	0.783327	0.068653	0.714674	0.714674	0.62161	-39.9758	1.14971	-0.00171736
0.92	0.0671971	0.0728405	0.795602	0.0671971	0.728405	0.728405	0.60582	-40.5817	1.20234	-0.00165585
0.94	0.0657142	0.0741844	0.807558	0.0657142	0.741844	0.741844	0.589788	-41.1715	1.25781	-0.00159611
0.96	0.0642048	0.0754987	0.819192	0.0642048	0.754987	0.754987	0.57352	-41.745	1.31641	-0.00153802
0.98	0.0626696	0.0767828	0.830497	0.0626696	0.767828	0.767828	0.557023	-42.302	1.37845	-0.00148148
1	0.0611093	0.0780362	0.841471	0.0611093	0.780362	0.780362	0.540302	-42.8423	1.44431	-0.00142638
1.02	0.0595245	0.0792584	0.852108	0.0595245	0.792584	0.792584	0.523366	-43.3657	1.5144	-0.00137262
1.04	0.0579158	0.0804488	0.862404	0.0579158	0.804488	0.804488	0.50622	-43.8719	1.58921	-0.00132011
1.06	0.0562839	0.0816072	0.872355	0.0562839	0.816072	0.816072	0.488872	-44.3608	1.66929	-0.00126878
1.08	0.0546294	0.0827328	0.881958	0.0546294	0.827328	0.827328	0.471328	-44.8321	1.75531	-0.00121853
1.1	0.0529531	0.0838254	0.891207	0.0529531	0.838254	0.838254	0.453596	-45.2857	1.84802	-0.00116931
1.12	0.0512556	0.0848845	0.9001	0.0512556	0.848845	0.848845	0.435682	-45.7214	1.94831	-0.00112104
1.14	0.0495375	0.0859096	0.908633	0.0495375	0.859096	0.859096	0.417595	-46.139	2.05725	-0.00107366
1.16	0.0477996	0.0869003	0.916803	0.0477996	0.869003	0.869003	0.39934	-46.5383	2.1761	-0.0010271
1.18	0.0460426	0.0878563	0.924606	0.0460426	0.878563	0.878563	0.380925	-46.9192	2.3064	-0.000981316
1.2	0.0442672	0.0887772	0.932039	0.0442672	0.887772	0.887772	0.362358	-47.2816	2.44999	-0.000936245
1.22	0.042474	0.0896625	0.939099	0.042474	0.896625	0.896625	0.343646	-47.6252	2.60916	-0.000891838
1.24	0.0406638	0.090512	0.945784	0.0406638	0.90512	0.90512	0.324796	-47.95	2.78673	-0.000848046
1.26	0.0388374	0.0913253	0.95209	0.0388374	0.913253	0.913253	0.305817	-48.2558	2.98627	-0.000804823
1.28	0.0369954	0.092102	0.958016	0.0369954	0.92102	0.92102	0.286715	-48.5426	3.21232	-0.000762124
1.3	0.0351387	0.092842	0.963558	0.0351387	0.92842	0.92842	0.267499	-48.8101	3.47074	-0.000719907
1.32	0.0332679	0.0935447	0.968715	0.0332679	0.935447	0.935447	0.248175	-49.0582	3.7693	-0.00067813
1.34	0.0313837	0.0942101	0.973485	0.0313837	0.942101	0.942101	0.228753	-49.287	4.11842	-0.000636755
1.36	0.029487	0.0948378	0.977865	0.029487	0.948378	0.948378	0.209239	-49.4962	4.53252	-0.000595743
1.38	0.0275786	0.0954275	0.981854	0.0275786	0.954275	0.954275	0.189641	-49.6859	5.03201	-0.000555059
1.4	0.0256591	0.0959791	0.98545	0.0256591	0.959791	0.959791	0.169967	-49.8558	5.64692	-0.000514665
1.42	0.0237293	0.0964922	0.988652	0.0237293	0.964922	0.964922	0.150225	-50.0061	6.42316	-0.000474528
1.44	0.02179	0.0969668	0.991458	0.02179	0.969668	0.969668	0.130424	-50.1365	7.43476	-0.000434614
1.46	0.019842	0.0974026	0.993868	0.019842	0.974026	0.974026	0.11057	-50.247	8.80916	-0.000394889
1.48	0.0178861	0.0977995	0.995881	0.0178861	0.977995	0.977995	0.0906716	-50.3377	10.7861	-0.000355322
1.5	0.015923	0.0981572	0.997495	0.015923	0.981572	0.981572	0.0707372	-50.4085	13.8763	-0.00031588
1.52	0.0139536	0.0984757	0.99871	0.0139536	0.984757	0.984757	0.0507745	-50.4592	19.3947	-0.000276532
1.54	0.0119785	0.0987547	0.999526	0.0119785	0.987547	0.987547	0.0307915	-50.49	32.0721	-0.000237246
1.56	0.00999873	0.0989943	0.999942	0.00999873	0.989943	0.989943	0.0107961	-50.5008	91.6944	-0.000197991
1.58	0.00801491	0.0991943	0.999958	0.00801491	0.991943	0.991943	-0.00920354	-50.4916	-107.778	-0.000158737
1.6	0.00602788	0.0993546	0.999574	0.00602788	0.993546	0.993546	-0.0291995	-50.4624	-34.0261	-0.000119453
1.62	0.00403845	0.0994751	0.99879	0.00403845	0.994751	0.994751	-0.0491838	-50.4132	-20.2252	-8.01069e-05
1.64	0.00204739	0.0995559	0.997606	0.00204739	0.995559	0.995559	-0.0691484	-50.3441	-14.3974	-4.0668e-05
1.66	5.55242e-05	0.0995968	0.996024	5.55242e-05	0.995968	0.995968	-0.0890854	-50.255	-11.1799	-1.10485e-06
1.68	-0.00193637	0.099598	0.994043	-0.00193637	0.99598	0.99598	-0.108987	-50.146	-9.13854	3.86146e-05
1.7	-0.00392749	0.0995592	0.991665	-0.00392749	0.995592	0.995592	-0.128844	-50.0172	-7.72708	7.85228e-05
1.72	-0.00591703	0.0994807	0.98889	-0.00591703	0.994807	0.994807	-0.148651	-49.8685	-6.69224	0.000118653
1.74	-0.00790421	0.0993623	0.985719	-0.00790421	0.993623	0.993623	-0.168397	-49.7001	-5.90047	0.000159038
1.76	-0.00988823	0.0992043	0.982154	-0.00988823	0.992043	0.992043	-0.188077	-49.512	-5.27467	0.000199714
1.78	-0.0118683	0.0990065	0.978197	-0.0118683	0.990065	0.990065	-0.207681	-49.3044	-4.76724	0.000240715
1.8	-0.0138436	0.0987691	0.973848	-0.0138436	0.987691	0.987691	-0.227202	-49.0772	-4.34719	0.000282079
1.82	-0.0158134	0.0984923	0.969109	-0.0158134	0.984923	0.984923	-0.246632	-48.8305	-3.99349	0.000323842
1.84	-0.0177768	0.098176	0.963983	-0.0177768	0.98176	0.98176	-0.265964	-48.5646	-3.69133	0.000366046
1.86	-0.0197332	0.0978204	0.958471	-0.0197332	0.978204	0.978204	-0.285189	-48.2794	-3.43002	0.000408729
1.88	-0.0216816	0.0974258	0.952576	-0.0216816	0.974258	0.974258	-0.3043	-47.9751	-3.20163	0.000451936
1.9	-0.0236214	0.0969922	0.9463	-0.0236214	0.969922	0.969922	-0.32329	-47.6518	-3.00016	0.000495709
1.92	-0.0255517	0.0965197	0.939645	-0.0255517	0.965197	0.965197	-0.34215	-47.3096	-2.82098	0.000540096
1.94	-0.0274719	0.0960087	0.932615	-0.0274719	0.960087	0.960087	-0.360873	-46.9488	-2.66046	0.000585146
1.96	-0.029381	0.0954593	0.925212	-0.029381	0.954593	0.954593	-0.379452	-46.5693	-2.51572	0.000630909
1.98	-0.0312784	0.0948716	0.917438	-0.0312784	0.948716	0.948716	-0.397879	-46.1714	-2.38443	0.00067744
2	-0.0331632	0.0942461	0.909297	-0.0331632	0.942461	0.942461	-0.416147	-45.7553	-2.26473	0.000724795
2.02	-0.0350348	0.0935828	0.900793	-0.0350348	0.935828	0.935828	-0.434248	-45.321	-2.15505	0.000773036
2.04	-0.0368924	0.0928821	0.891929	-0.0368924	0.928821	0.928821	-0.452176	-44.8689	-2.05411	0.000822227
2.06	-0.0387352	0.0921443	0.882707	-0.0387352	0.921443	0.921443	-0.469923	-44.3989	-1.96084	0.000872435
2.08	-0.0405625	0.0913696	0.873133	-0.0405625	0.913696	0.913696	-0.487482	-43.9115	-1.87432	0.000923735
2.1	-0.0423736	0.0905583	0.863209	-0.0423736	0.905583	0.905583	-0.504846	-43.4066	-1.79378	0.000976203
2.12	-0.0441678	0.0897108	0.85294	-0.0441678	0.897108	0.897108	-0.522008	-42.8846	-1.71857	0.00102992
2.14	-0.0459443	0.0888275	0.84233	-0.0459443	0.888275	0.888275	-0.538961	-42.3456	-1.64812	0.00108498
2.16	-0.0477024	0.0879086	0.831383	-0.0477024	0.879086	0.879086	-0.555699	-41.7899	-1.58195	0.00114148
2.18	-0.0494414	0.0869545	0.820104	-0.0494414	0.869545	0.869545	-0.572215	-41.2177	-1.51961	0.00119952
2.2	-0.0511607	0.0859657	0.808496	-0.0511607	0.859657	0.859657	-0.588501	-40.6292	-1.46076	0.00125921
2.22	-0.0528595	0.0849425	0.796565	-0.0528595	0.849425	0.849425	-0.604552	-40.0247	-1.40505	0.00132067
2.24	-0.0545371	0.0838853	0.784316	-0.0545371	0.838853	0.838853	-0.620362	-39.4043	-1.3522	0.00138404
2.26	-0.056193	0.0827946	0.771753	-0.056193	0.827946	0.827946	-0.635923	-38.7684	-1.30196	0.00144945
2.28	-0.0578263	0.0816707	0.758881	-0.0578263	0.816707	0.816707	-0.65123	-38.1172	-1.2541	0.00151707
2.3	-0.0594366	0.0805142	0.745705	-0.0594366	0.805142	0.805142	-0.666276	-37.4509	-1.20842	0.00158705
2.32	-0.061023	0.0793254	0.732231	-0.061023	0.793254	0.793254	-0.681056	-36.7698	-1.16474	0.0016596
2.34	-0.0625851	0.078105	0.718465	-0.0625851	0.78105	0.78105	-0.695563	-36.0743	-1.1229	0.0017349
2.36	-0.0641221	0.0768533	0.704411	-0.0641221	0.768533	0.768533	-0.709793	-35.3645	-1.08276	0.00181318
2.38	-0.0656334	0.0755708	0.690075	-0.0656334	0.755708	0.755708	-0.723738	-34.6407	-1.04417	0.00189469
2.4	-0.0671186	0.0742582	0.675463	-0.0671186	0.742582	0.742582	-0.737394	-33.9033	-1.00704	0.0019797
2.42	-0.0685768	0.0729158	0.660581	-0.0685768	0.729158	0.729158	-0.750755	-33.1526	-0.971234	0.00206852
2.44	-0.0700077	0.0715443	0.645435	-0.0700077	0.715443	0.715443	-0.763815	-32.3888	-0.93667	0.00216148
2.46	-0.0714105	0.0701441	0.630031	-0.0714105	0.701441	0.701441	-0.77657	-31.6122	-0.903255	0.00225895
2.48	-0.0727848	0.0687159	0.614374	-0.0727848	0.687159	0.687159	-0.789015	-30.8232	-0.870908	0.00236136
2.5	-0.0741299	0.0672602	0.598472	-0.0741299	0.672602	0.672602	-0.801144	-30.022	-0.839552	0.00246918
2.52	-0.0754454	0.0657776	0.582331	-0.0754454	0.657776	0.657776	-0.812952	-29.2091	-0.80912	0.00258294
2.54	-0.0767308	0.0642687	0.565956	-0.0767308	0.642687	0.642687	-0.824435	-28.3847	-0.779548	0.00270325
2.56	-0.0779854	0.0627341	0.549355	-0.0779854	0.627341	0.627341	-0.835589	-27.5491	-0.750777	0.00283078
2.58	-0.0792089	0.0611744	0.532535	-0.0792089	0.611744	0.611744	-0.846408	-26.7027	-0.722753	0.00296633
2.6	-0.0804006	0.0595902	0.515501	-0.0804006	0.595902	0.595902	-0.856889	-25.8458	-0.695425	0.00311079
2.62	-0.0815602	0.0579822	0.498262	-0.0815602	0.579822	0.579822	-0.867027	-24.9787	-0.668747	0.00326519
2.64	-0.0826872	0.056351	0.480823	-0.0826872	0.56351	0.56351	-0.876818	-24.1019	-0.642676	0.00343073
2.66	-0.0837811	0.0546972	0.463191	-0.0837811	0.546972	0.546972	-0.886258	-23.2157	-0.61717	0.00360882
2.68	-0.0848415	0.0530216	0.445375	-0.0848415	0.530216	0.530216	-0.895344	-22.3203	-0.592192	0.00380109
2.7	-0.085868	0.0513248	0.42738	-0.085868	0.513248	0.513248	-0.904072	-21.4162	-0.567707	0.00400948
2.72	-0.0868601	0.0496074	0.409214	-0.0868601	0.496074	0.496074	-0.912438	-20.5038	-0.54368	0.00423629
2.74	-0.0878175	0.0478702	0.390885	-0.0878175	0.478702	0.478702	-0.92044	-19.5834	-0.52008	0.00448429
2.76	-0.0887397	0.0461139	0.372399	-0.0887397	0.461139	0.461139	-0.928073	-18.6553	-0.496878	0.00475681
2.78	-0.0896265	0.0443391	0.353764	-0.0896265	0.443391	0.443391	-0.935335	-17.72	-0.474045	0.00505794
2.8	-0.0904774	0.0425466	0.334988	-0.0904774	0.425466	0.425466	-0.942222	-16.7777	-0.451555	0.0053927
2.82	-0.0912921	0.040737	0.316078	-0.0912921	0.40737	0.40737	-0.948733	-15.829	-0.429383	0.00576739
2.84	-0.0920703	0.0389112	0.297041	-0.0920703	0.389112	0.389112	-0.954865	-14.8741	-0.407504	0.00618996
2.86	-0.0928116	0.0370698	0.277886	-0.0928116	0.370698	0.370698	-0.960614	-13.9135	-0.385896	0.00667061
2.88	-0.0935159	0.0352135	0.258619	-0.0935159	0.352135	0.352135	-0.965979	-12.9475	-0.364537	0.00722267
2.9	-0.0941827	0.0333432	0.239249	-0.0941827	0.333432	0.333432	-0.970958	-11.9766	-0.343405	0.0078639
2.92	-0.0948119	0.0314596	0.219784	-0.0948119	0.314596	0.314596	-0.975549	-11.001	-0.322481	0.00861845
2.94	-0.0954032	0.0295633	0.20023	-0.0954032	0.295633	0.295633	-0.979749	-10.0213	-0.301744	0.00952005
2.96	-0.0959562	0.0276553	0.180596	-0.0959562	0.276553	0.276553	-0.983557	-9.03773	-0.281176	0.0106173
2.98	-0.0964709	0.0257361	0.16089	-0.0964709	0.257361	0.257361	-0.986972	-8.05076	-0.260758	0.0119828
3	-0.0969471	0.0238067	0.14112	-0.0969471	0.238067	0.238067	-0.989992	-7.06077	-0.240474	0.0137304
3.02	-0.0973844	0.0218678	0.121293	-0.0973844	0.218678	0.218678	-0.992617	-6.06815	-0.220304	0.0160484
3.04	-0.0977828	0.0199201	0.101418	-0.0977828	0.199201	0.199201	-0.994844	-5.07331	-0.200233	0.019274
3.06	-0.0981421	0.0179644	0.0815022	-0.0981421	0.179644	0.179644	-0.996673	-4.07664	-0.180244	0.0240743
3.08	-0.0984621	0.0160016	0.0615537	-0.0984621	0.160016	0.160016	-0.998104	-3.07853	-0.16032	0.0319835
3.1	-0.0987427	0.0140323	0.0415807	-0.0987427	0.140323	0.140323	-0.999135	-2.0794	-0.140445	0.0474862
3.12	-0.0989839	0.0120575	0.021591	-0.0989839	0.120575	0.120575	-0.999767	-1.07963	-0.120603	0.0916832
3.14	-0.0991854	0.0100778	0.00159265	-0.0991854	0.100778	0.100778	-0.999999	-0.0796306	-0.100778	1.24557
3.16	-0.0993473	0.0080941	-0.0184063	-0.0993473	0.080941	0.080941	-0.999831	0.9202	-0.0809547	-0.107963
3.18	-0.0994694	0.00610715	-0.0383979	-0.0994694	0.0610715	0.0610715	-0.999263	1.91946	-0.0611166	-0.0518215
3.2	-0.0995518	0.00411776	-0.0583741	-0.0995518	0.0411776	0.0411776	-0.998295	2.91776	-0.041248	-0.0341193
3.22	-0.0995943	0.00212673	-0.078327	-0.0995943	0.0212673	0.0212673	-0.996928	3.91468	-0.0213328	-0.0254412
3.24	-0.099597	0.000134842	-0.0982486	-0.099597	0.00134842	0.00134842	-0.995162	4.90985	-0.00135498	-0.0202852
3.26	-0.0995599	-0.0018571	-0.118131	-0.0995599	-0.018571	-0.018571	-0.992998	5.90284	0.0187019	-0.0168664
3.28	-0.0994829	-0.0038483	-0.137966	-0.0994829	-0.038483	-0.038483	-0.990437	6.89328	0.0388545	-0.0144319
3.3	-0.0993662	-0.00583795	-0.157746	-0.0993662	-0.0583795	-0.0583795	-0.98748	7.88076	0.0591197	-0.0126087
3.32	-0.0992097	-0.00782528	-0.177462	-0.0992097	-0.0782528	-0.0782528	-0.984128	8.86489	0.0795149	-0.0111913
3.34	-0.0990135	-0.00980947	-0.197108	-0.0990135	-0.0980947	-0.0980947	-0.980382	9.84527	0.100058	-0.010057
3.36	-0.0987777	-0.0117897	-0.216675	-0.0987777	-0.117897	-0.117897	-0.976244	10.8215	0.120766	-0.0091279
3.38	-0.0985024	-0.0137653	-0.236155	-0.0985024	-0.137653	-0.137653	-0.971715	11.7932	0.14166	-0.00835245
3.4	-0.0981877	-0.0157353	-0.255541	-0.0981877	-0.157353	-0.157353	-0.966798	12.76	0.162757	-0.00769494
3.42	-0.0978337	-0.0176991	-0.274825	-0.0978337	-0.176991	-0.176991	-0.961494	13.7215	0.184079	-0.00712995
3.44	-0.0974406	-0.0196558	-0.293998	-0.0974406	-0.196558	-0.196558	-0.955806	14.6773	0.205646	-0.00663885
3.46	-0.0970085	-0.0216046	-0.313054	-0.0970085	-0.216046	-0.216046	-0.949735	15.6271	0.22748	-0.00620773
3.48	-0.0965377	-0.0235448	-0.331985	-0.0965377	-0.235448	-0.235448	-0.943285	16.5703	0.249604	-0.00582593
3.5	-0.0960282	-0.0254755	-0.350783	-0.0960282	-0.254755	-0.254755	-0.936457	17.5068	0.272041	-0.00548519
3.52	-0.0954803	-0.0273961	-0.369441	-0.0954803	-0.273961	-0.273961	-0.929254	18.4361	0.294818	-0.005179
3.54	-0.0948942	-0.0293057	-0.387951	-0.0948942	-0.293057	-0.293057	-0.92168	19.3577	0.317959	-0.00490213
3.56	-0.0942701	-0.0312036	-0.406306	-0.0942701	-0.312036	-0.312036	-0.913737	20.2715	0.341494	-0.00465038
3.58	-0.0936084	-0.033089	-0.424498	-0.0936084	-0.33089	-0.33089	-0.905429	21.1769	0.365451	-0.0044203
3.6	-0.0929092	-0.0349611	-0.44252	-0.0929092	-0.349611	-0.349611	-0.896758	22.0737	0.389861	-0.00420905
3.62	-0.0921728	-0.0368193	-0.460366	-0.0921728	-0.368193	-0.368193	-0.887729	22.9614	0.414758	-0.00401425
3.64	-0.0913996	-0.0386628	-0.478027	-0.0913996	-0.386628	-0.386628	-0.878345	23.8397	0.440177	-0.00383392
3.66	-0.0905898	-0.0404908	-0.495497	-0.0905898	-0.404908	-0.404908	-0.868609	24.7083	0.466156	-0.00366636
3.68	-0.0897438	-0.0423026	-0.512769	-0.0897438	-0.423026	-0.423026	-0.858526	25.5669	0.492734	-0.00351016
3.7	-0.0888618	-0.0440974	-0.529836	-0.0888618	-0.440974	-0.440974	-0.8481	26.415	0.519956	-0.00336407
3.72	-0.0879444	-0.0458747	-0.546691	-0.0879444	-0.458747	-0.458747	-0.837334	27.2523	0.547866	-0.00322704
3.74	-0.0869917	-0.0476336	-0.563327	-0.0869917	-0.476336	-0.476336	-0.826234	28.0785	0.576514	-0.00309816
3.76	-0.0860043	-0.0493734	-0.579738	-0.0860043	-0.493734	-0.493734	-0.814803	28.8933	0.605955	-0.00297661
3.78	-0.0849825	-0.0510935	-0.595917	-0.0849825	-0.510935	-0.510935	-0.803046	29.6964	0.636246	-0.00286171
3.8	-0.0839266	-0.0527931	-0.611858	-0.0839266	-0.527931	-0.527931	-0.790968	30.4874	0.66745	-0.00275283
3.82	-0.0828372	-0.0544717	-0.627554	-0.0828372	-0.544717	-0.544717	-0.778573	31.2659	0.699634	-0.00264944
3.84	-0.0817147	-0.0561284	-0.642999	-0.0817147	-0.561284	-0.561284	-0.765867	32.0318	0.732874	-0.00255105
3.86	-0.0805595	-0.0577627	-0.658186	-0.0805595	-0.577627	-0.577627	-0.752855	32.7847	0.767249	-0.00245723
3.88	-0.0793721	-0.0593739	-0.673111	-0.0793721	-0.593739	-0.593739	-0.739542	33.5242	0.802847	-0.00236761
3.9	-0.0781529	-0.0609613	-0.687766	-0.0781529	-0.609613	-0.609613	-0.725932	34.2501	0.839766	-0.00228183
3.92	-0.0769024	-0.0625244	-0.702146	-0.0769024	-0.625244	-0.625244	-0.712033	34.9622	0.878111	-0.00219959
3.94	-0.0756212	-0.0640624	-0.716246	-0.0756212	-0.640624	-0.640624	-0.697848	35.66	0.917999	-0.00212062
3.96	-0.0743098	-0.0655749	-0.730058	-0.0743098	-0.655749	-0.655749	-0.683385	36.3434	0.95956	-0.00204466
3.98	-0.0729686	-0.0670611	-0.743579	-0.0729686	-0.670611	-0.670611	-0.668648	37.012	1.00294	-0.00197148
